0.206
0.591
0.355
0.443
0.1
0.052
0.31
0.625
0.258
0.725
0.591
0.446
0.464
0.133
0.286
0.218
0.193
0.328
0.348
0.079
0.926
0.212
0.49
0.242
0.144
0.401
0.232
0.205
0.35
0.076
0.014
0.479
0.263
0.509
0.822
0.186
0.339
0.572
0.298
0.23
0.135
0.116
0.212
0.419
0.339
0.44
0.774
0.01
0.382
0.06
0.237
0.209
0.068
0.219
0.297
0.773
0.424
0.089
0.523
0.64
0.402
0.654
0.525
0.358
0.609
0.369
0.511
0.275
0.401
0.185
0.227
0.083
0.386
0.231
0.401
0.191
0.633
0.815
0.359
0.104
0.582
0.267
0.597
0.2
0.579
0.181
0.418
0.415
0.233
0.861
0.087
0.508
0.565
0.365
0.251
0.546
0.324
0.574
0.448
0.073
0.39
0.333
0.127
0.237
0.297
0.413
0.31
0.034
0.279
0.21
0.245
0.342
0.743
0.304
0.291
0.654
0.535
0.269
0.748
0.391
0.017
0.211
0.159
0.418
0.288
0.599
0.369
0.139
0.3
0.172
0.418
0.258
0.703
0.574
0.203
0.068
0.589
0.456
0.441
0.386
0.299
0.299
0.81
0.573
0.202
0.471
0.155
0.222
0.188
0.453
0.515
0.722
0.453
0.671
0.796
0.437
0.124
0.2
0.513
0.154
0.573
0.426
0.619
0.051
0.189
0.503
0.55
0.105
0.618
0.442
0.242
0.106
0.795
0.112
0.905
0.823
0.733
0.503
0.096
0.373
0.504
0.851
0.235
0.096
0.109
0.355
0.029
0.586
0.306
0.026
0.371
0.539
0.287
0.016
0.388
0.19
0.39
0.937
0.274
0.274
0.201
0.363
0.166
0.34
0.318
0.445
0.14
0.121
0.67
0.218
0.685
0.355
0.295
0.44
0.435
0.045
0.235
0.441
0.631
0.289
0.789
0.844
0.125
0.135
0.41
0.596
0.246
0.757
0.342
0.292
0.534
0.122
0.496
0.687
0.443
0.257
0.396
0.861
0.084
0.159
0.131
0.092
0.559
0.703
0.4
0.895
0.278
0.467
0.4
0.625
0.648
0.414
0.138
0.442
0.326
0.849
0.476
0.325
0.18
0.501
0.35
0.477
0.128
0.408
0.123
0.354
0.642
0.023
0.186
0.49
0.208
0.267
0.047
0.086
0.673
0.157
0.314
0.236
0.093
0.216
0.129
0.291
0.624
0.299
0.708
0.302
0.264
0.189
0.647
0.274
0.504
0.118
0.522
0.235
0.589
0.16
0.46
0.201
0.127
0.289
0.157
0.24
0.685
0.353
0.395
0.115
0.443
0.7
0.332
0.171
0.51
0.502
0.317
0.458
0.05
0.507
0.398
0.508
0.318
0.595
0.473
0.363
0.364
0.486
0.64
0.24
0.122
0.324
0.565
0.812
0.331
0.586
0.12
0.316
0.168
0.014
0.182
0.631
0.619
0.571
0.484
0.534
0.383
0.902
0.257
0.635
0.126
0.343
0.252
0.652
0.077
0.207
0.214
0.527
0.217
0.367
0.467
0.636
0.274
0.408
0.426
0.624
0.261
0.398
0.202
0.544
0.628
0.173
0.275
0.526
0.046
0.251
0.303
0.366
0.262
0.485
0.144
1.053
0.107
0.474
0.19
0.265
0.948
0.43
0.554
0.765
0.378
0.188
0.433
0.002
0.762
0.384
0.641
0.478
0.659
0.41
0.181
0.03
0.272
0.235
0.212
0.047
0.072
0.22
0.387
0.165
0.769
0.45
0.673
0.264
0.466
0.43
0.142
0.262
0.162
0.716
0.619
0.406
0.702
0.187
0.605
0.528
0.706
0.179
0.172
0.448
0.203
0.311
0.091
0.098
0.384
0.287
0.204
0.36
0.106
0.571
0.192
0.087
0.231
0.533
0.09
0.208
0.607
0.467
0.269
0.223
0.458
0.335
0.359
0.298
0.363
0.332
0.381
0.058
0.15
0.375
0.398
0.793
0.271
-0.018
0.088
0.448
0.255
0.554
0.278
0.498
0.055
0.104
0.273
0.903
0.066
0.614
0.402
0.561
0.148
0.199
0.288
0.522
0.467
0.294
0.644
0.834
0.225
0.516
0.545
0.384
0.552
0.346
0.547
0.038
0.068
0.509
0.832
0.643
0.14
0.167
0.663
0.318
0.673
0.851
0.454
0.289
0.171
0.339
0.079
0.333
0.079
0.106
0.41
0.433
0.379
0.289
0.231
0.543
0.753
0.107
0.275
0.439
0.409
0.379
0.846
0.372
0.534
0.539
0.23
0.579
0.14
0.303
0.456
0.517
0.224
0.415
0.651
0.336
0.255
0.401
0.751
0.422
0.392
0.15
0.063
0.413
0.373
0.358
0.085
0.264
0.127
0.531
0.08
0.399
0.497
0.608
0.292
0.416
0.119
0.402
0.178
0.479
0.429
0.196
0.565
0.46
0.683
0.197
0.126
0.389
0.3
0.775
0.67
0.066
0.567
0.465
0.238
0.224
0.176
0.702
0.848
0.535
0.281
0.359
0.055
0.249
0.56
0.421
0.888
0.534
0.497
0.171
0.157
0.355
0.499
0.021
0.674
0.118
0.529
0.218
0.357
0.079
0.331
0.091
0.122
0.661
0.183
0.52
0.355
0.282
0.37
0.226
0.339
0.721
0.761
0.409
0.455
0.515
0.697
0.485
0.399
0.843
0.257
0.652
0.412
0.49
0.499
0.482
0.33
0.259
0.136
0.812
0.611
0.618
0.503
0.761
0.327
0.145
0.265
0.602
0.447
0.786
0.327
0.397
0.158
0.538
0.727
0.136
0.353
0.26
0.746
0.394
0.507
0.556
0.529
0.902
0.061
0.287
0.324
0.126
0.553
0.309
0.752
0.539
0.256
0.561
0.632
0.386
0.248
0.131
0.278
0.601
0.473
0.411
0.703
0.494
0.685
0.181
0.735
0.452
0.225
0.325
0.079
0.593
0.365
0.366
0.305
0.371
0.17
0.366
0.753
0.104
0.541
0.723
0.229
0.192
0.171
0.625
0.742
0.499
0.445
0.118
0.634
0.47
0.27
0.239
0.065
0.236
0.497
0.36
0.359
0.914
0.378
0.229
0.36
0.155
0.36
0.178
0.605
0.224
0.166
0.513
0.249
0.157
0.343
0.128
0.51
0.243
0.523
0.083
0.419
0.326
0.323
0.923
0.181
0.302
0.477
0.607
0.529
0.342
0.009
0.283
0.039
0.373
0.241
0.679
0.444
0.368
0.086
0.036
0.273
0.607
0.115
0.423
0.31
0.699
0.586
0.32
0.105
0.302
0.022
0.396
0.762
0.126
0.523
0.63
0.119
0.82
0.432
0.342
0.443
0.434
0.35
0.308
0.652
0.18
0.805
0.263
0.759
0.112
0.197
0.376
0.221
0.082
0.275
0.223
0.147
0.696
0.388
0.275
0.094
0.553
0.684
0.203
0.431
0.589
0.556
0.118
0.068
0.417
0.156
0.516
0.397
0.441
0.356
0.365
0.31
0.162
0.112
0.1
0.148
0.589
0.379
0.14
0.426
0.234
0.716
0.017
0.532
0.606