0.196
0.598
0.351
0.397
0.16
0.018
0.414
0.663
0.277
0.709
0.691
0.356
0.511
0.204
0.314
0.182
0.269
0.248
0.311
0.059
0.896
0.22
0.517
0.182
0.198
0.356
0.228
0.135
0.346
0.073
0.064
0.51
0.314
0.509
0.86
0.234
0.349
0.58
0.29
0.241
0.205
0.092
0.317
0.454
0.342
0.43
0.756
0.105
0.359
0.171
0.128
0.178
0.069
0.284
0.263
0.748
0.581
0.115
0.712
0.605
0.423
0.576
0.524
0.346
0.615
0.35
0.499
0.268
0.219
0.264
0.342
0.168
0.364
0.329
0.453
0.189
0.616
0.838
0.408
0.031
0.321
0.216
0.63
0.326
0.528
0.23
0.436
0.579
0.161
0.895
-0.01
0.529
0.586
0.306
0.278
0.498
0.275
0.607
0.571
0.173
0.496
0.264
0.142
0.173
0.272
0.399
0.321
0.024
0.356
0.267
0.23
0.354
0.64
0.337
0.271
0.654
0.562
0.262
0.676
0.315
0.084
0.179
0.061
0.298
0.281
0.699
0.26
0.215
0.369
0.125
0.436
0.235
0.639
0.556
0.07
0.05
0.577
0.526
0.415
0.35
0.237
0.3
0.754
0.665
0.254
0.494
0.087
0.297
0.174
0.489
0.526
0.62
0.448
0.671
0.802
0.37
0.22
0.141
0.563
0.168
0.508
0.319
0.632
0.157
0.241
0.514
0.351
0.159
0.631
0.362
0.187
0.191
0.696
0.21
1.081
0.802
0.664
0.544
0.104
0.431
0.468
0.871
0.202
0.104
0.095
0.396
0.041
0.605
0.204
0.105
0.428
0.575
0.407
0.139
0.585
0.331
0.351
0.945
0.254
0.289
0.132
0.401
0.188
0.27
0.375
0.382
0.161
0.159
0.606
0.207
0.617
0.348
0.232
0.452
0.442
0.143
0.203
0.526
0.537
0.362
0.743
0.846
0.152
0.118
0.394
0.547
0.235
0.774
0.326
0.258
0.54
0.161
0.55
0.646
0.428
0.222
0.33
0.859
0.004
0.208
0.106
0.08
0.541
0.719
0.45
0.748
0.193
0.525
0.451
0.52
0.604
0.423
0.222
0.569
0.289
0.839
0.366
0.402
0.209
0.519
0.457
0.522
0.162
0.392
0.133
0.355
0.655
0.05
0.23
0.509
0.16
0.254
0.057
0.029
0.612
0.11
0.259
0.237
0.079
0.197
0.255
0.309
0.606
0.173
0.694
0.299
0.239
0.231
0.622
0.221
0.576
0.12
0.569
0.226
0.486
0.145
0.343
0.157
0.064
0.388
0.172
0.251
0.42
0.351
0.254
0.154
0.529
0.235
0.239
0.215
0.471
0.51
0.242
0.391
0.047
0.553
0.361
0.488
0.344
0.598
0.381
0.404
0.299
0.443
0.507
0.214
0.103
0.275
0.51
0.67
0.236
0.574
0.075
0.309
0.233
0.06
0.119
0.583
0.668
0.462
0.503
0.475
0.366
0.9
0.289
0.506
0.199
0.487
0.359
0.506
0.092
0.259
0.184
0.532
0.182
0.337
0.35
0.432
0.27
0.532
0.237
0.68
0.278
0.329
0.29
0.512
0.712
0.203
0.304
0.556
0.152
0.328
0.309
0.424
0.319
0.547
0.215
0.966
0.12
0.409
0.021
0.279
0.949
0.376
0.516
0.78
0.336
0.123
0.55
0.011
0.644
0.381
0.559
0.563
0.586
0.301
0.133
0.118
0.234
0.214
0.293
-0.013
0.079
0.336
0.297
0.189
0.773
0.378
0.66
0.297
0.455
0.486
0.148
0.156
0.14
0.674
0.628
0.435
0.73
0.277
0.558
0.605
0.62
0.212
0.187
0.495
0.183
0.298
0.037
0.16
0.353
0.261
0.206
0.373
0.12
0.674
0.17
0.089
0.298
0.53
0.106
0.246
0.471
0.455
0.272
0.359
0.234
0.364
0.468
0.308
0.42
0.3
0.256
0.075
0.164
0.48
0.373
0.804
0.387
0.056
0.114
0.434
0.198
0.505
0.309
0.467
0.09
0.127
0.363
0.882
0.108
0.675
0.391
0.298
0.132
0.282
0.259
0.459
0.59
0.293
0.652
0.684
0.221
0.5
0.472
0.354
0.437
0.355
0.484
0.195
0.085
0.42
0.732
0.47
0.19
0.16
0.665
0.189
0.358
0.772
0.438
0.247
0.206
0.352
-0.005
0.231
0.062
0.151
0.404
0.328
0.271
0.237
0.166
0.453
0.793
0.165
0.268
0.485
0.404
0.527
0.854
0.382
0.563
0.513
0.203
0.809
0.193
0.204
0.308
0.476
0.23
0.264
0.471
0.399
0.301
0.467
0.841
0.431
0.251
0.093
0.093
0.345
0.344
0.348
0.143
0.249
0.186
0.537
0.115
0.399
0.415
0.574
0.278
0.475
0.142
0.43
0.175
0.463
0.486
0.204
0.565
0.382
0.637
0.17
0.15
0.408
0.365
0.771
0.71
0.062
0.548
0.492
0.301
0.252
0.162
0.72
0.728
0.523
0.512
0.346
0.047
0.319
0.621
0.408
0.695
0.565
0.53
0.191
0.149
0.38
0.56
0.214
0.625
0.12
0.532
0.245
0.267
0.107
0.379
0.136
0.12
0.699
0.214
0.288
0.462
0.278
0.37
0.34
0.313
0.692
0.811
0.432
0.514
0.338
0.813
0.581
0.398
1.033
0.149
0.556
0.424
0.562
0.616
0.576
0.366
0.219
0.089
0.886
0.602
0.608
0.48
0.717
0.335
0.091
0.266
0.639
0.512
0.803
0.334
0.313
0.162
0.628
0.704
0.203
0.393
0.27
0.695
0.535
0.392
0.495
0.53
0.883
0.205
0.28
0.17
0.196
0.543
0.388
0.654
0.507
0.326
0.52
0.539
0.455
0.346
0.203
0.255
0.707
0.531
0.393
0.705
0.409
0.655
0.275
0.734
0.529
0.219
0.27
0.157
0.57
0.441
0.331
0.368
0.383
0.163
0.416
0.736
0.104
0.535
0.472
0.258
0.206
0.136
0.662
0.776
0.514
0.513
0.176
0.552
0.451
0.297
0.242
0.04
0.239
0.439
0.212
0.312
0.884
0.41
0.187
0.434
0.204
0.267
0.206
0.623
0.194
0.449
0.57
0.309
0.166
0.399
0.165
0.583
0.244
0.553
0.126
0.42
0.394
0.353
0.882
0.328
0.214
0.516
0.405
0.615
0.474
0.23
0.277
0.049
0.3
0.312
0.716
0.273
0.342
0.15
0.141
0.467
0.489
0.114
0.492
0.382
0.482
0.515
0.328
0.115
0.397
0.049
0.457
0.736
0.146
0.537
0.734
0.152
0.77
0.512
0.298
0.529
0.428
0.348
0.172
0.69
0.163
0.741
0.3
0.767
0.27
0.096
0.274
0.148
0.123
0.386
0.236
0.135
0.87
0.456
0.277
0.11
0.52
0.732
0.249
0.338
0.584
0.567
0.103
0.214
0.353
0.187
0.633
0.364
0.481
0.444
0.504
0.267
0.145
0.118
0.047
0.221
0.534
0.407
0.24
0.418
0.281
0.654
-0.015
0.422
0.534
